10
0,4,14,17,2,5,5,13,17,11
4,0,8,15,7,18,19,8,5,3
14,8,0,16,8,15,4,4,18,12
17,15,16,0,13,19,14,6,3,5
2,7,8,13,0,10,11,15,10,17
5,18,15,19,10,0,9,18,3,9
5,19,4,14,11,9,0,14,20,4
13,8,4,6,15,18,14,0,10,9
17,5,18,3,10,3,20,10,0,3
11,3,12,5,17,9,4,9,3,0
